   1    0    7      0
   2    1    8      8
   3    1    9     16
   4    1   12     25
   5    1   14     37
   6    2   16     51
   7    3   18     66
   8    4   22     82
   9    5   22    101
  10    6   28    119
  11    7   28    142
  12    7   30    164
  13    8   29    188
  14    8   36    210
  15   10   38    239
  16   10   40    268
  17   11   38    299
  18   10   42    327
  19   13   50    360
  20   14   50    398
  21   15   52    435
  22   16   52    473
  23   17   54    510
  24   18   54    548
  25   19   60    585
  26   19   62    627
  27   20   64    671
  28   20   66    716
  29   23   66    763
  30   24   70    807
  31   25   70    854
  32   26   74    900
  33   27   78    949
  34   29   82   1001
  35   33   82   1055
  36   31   82   1105
  37   35   82   1157
  38   34   84   1205
  39   40   84   1256
  40   36   86   1301
  41   40   92   1352
  42   38   96   1405
  43   42  102   1464
  44   42  102   1525
  45   44  102   1586
  46   42  106   1645
  47   47  112   1710
  48   44  114   1776
  49   49  116   1847
  50   46  118   1915
  51   52  120   1988
  52   52  124   2057
  53   55  126   2130
  54   54  126   2202
  55   57  126   2275
  56   57  126   2345
  57   60  126   2415
  58   58  130   2482
  59   62  132   2555
  60   60  140   2626
  61   67  138   2707
  62   64  142   2779
  63   67  144   2858
  64   68  146   2936
  65   70  148   3015
  66   70  152   3094
  67   73  152   3177
  68   72  154   3257
  69   75  156   3340
  70   77  162   3422
  71   79  164   3508
  72   78  164   3594
  73   82  166   3681
  74   80  166   3766
  75   85  168   3853
  76   83  176   3937
  77   87  178   4031
  78   88  178   4123
  79   91  182   4214
  80   90  184   4306
  81   96  184   4401
  82   95  184   4490
  83   99  184   4580
  84   98  184   4666
  85  105  194   4753
  86  102  194   4843
  87  108  196   4936
  88  106  198   5025
  89  115  204   5118
  90  110  206   5208
  91  119  210   5305
  92  114  210   5397
  93  124  210   5494
  94  117  212   5581
  95  130  212   5677
