  1   1   6    0
  2   1   8    6
  3   1   9   14
  4   1  12   23
  5   1  14   35
  6   2  16   49
  7   3  18   64
  8   4  20   80
  9   5  22   97
 10   6  24  115
 11   7  26  134
 12   7  28  154
 13   8  29  176
 14   8  30  198
 15  10  31  221
 16  10  33  243
 17  11  34  267
 18  12  35  291
 19  13  36  315
 20  14  37  339
 21  15  39  363
 22  16  41  388
 23  17  42  414
 24  18  43  440
 25  19  44  466
 26  19  46  492
 27  20  48  520
 28  20  50  549
 29  23  51  580
 30  24  53  609
 31  25  55  639
 32  26  57  670
 33  27  59  702
 34  31  60  735
 35  35  59  765
 36  35  59  790
 37  38  65  815
 38  37  64  843
 39  40  63  871
 40  41  65  895
 41  42  69  920
 42  43  68  948
 43  45  70  974
 44  46  71 1000
 45  49  72 1026
 46  48  74 1050
 47  47  96 1077
 48  49  98 1127
 49  49 100 1177
 50  50 102 1229
 51  52 104 1282
 52  54 106 1335
 53  55 108 1388
 54  56 110 1442
 55  57 112 1497
 56  58 114 1553
 57  63 116 1610
 58  65 118 1664
 59  65 120 1718
 60  67 122 1774
 61  69 124 1830
 62  69 126 1886
 63  71 128 1944
 64  73 130 2002
 65  75 132 2060
 66  75 134 2118
 67  77 136 2178
 68  77 138 2238
 69  77 140 2300
 70  81 142 2364
 71  79 144 2426
 72  82 146 2492
 73  83 148 2557
 74  83 150 2623
 75  85 152 2691
 76  86 154 2759
 77  89 156 2828
 78  90 158 2896
 79  92 160 2965
 80  95 162 3034
 81  96 164 3102
 82  97 166 3171
 83  99 168 3241
 84 103 170 3311
 85 105 172 3379
 86 107 174 3447
 87 108 176 3515
 88 113 178 3584
 89 115 180 3650
 90 116 182 3716
 91 119 184 3783
 92 122 186 3849
 93 124 188 3914
 94 128 190 3979
 95 130 192 4042
