     3.031
    -5.869
    -1.588
     2.231
     6.068
    10.105
    -5.440
   -26.557
   -26.574
   -25.819
   -24.408
   -22.410
   -19.882
   -16.876
    -0.165
   -25.604
   -37.309
   -45.232
   -46.840
   -47.407
   -47.113
   -46.088
   -44.430
     5.164
   -23.377
   -43.773
   -58.860
   -63.552
   -66.811
   -68.902
   -70.015
   -70.294
   -69.849
   -68.770
   -67.127
    10.990
   -20.019
   -43.458
   -61.639
   -72.959
   -81.869
   -86.352
   -89.641
   -91.909
   -93.297
   -93.912
   -93.845
   -93.169
   -91.948
   -15.625
   -41.660
   -62.549
   -79.527
   -93.434
  -100.250
  -105.685
  -109.939
  -113.169
  -115.502
  -117.040
  -117.870
  -118.064
  -117.684
  -116.783
   -38.577
   -61.873
   -81.257
   -97.502
  -109.029
  -118.694
  -124.896
  -129.948
  -133.990
  -137.136
  -139.481
  -141.106
  -142.081
  -142.465
  -142.309
  -141.659
   -59.817
   -81.393
   -99.795
  -115.556
  -129.088
  -137.182
  -144.018
  -149.743
  -154.481
  -158.334
  -161.390
  -163.724
  -165.401
  -166.478
  -167.004
  -167.023
  -166.573
   -80.123
  -100.525
  -118.242
  -133.670
  -145.453
  -155.690
  -163.062
  -169.365
  -174.707
  -179.181
  -182.867
  -185.836
  -188.147
  -189.855
  -191.005
  -191.641
  -191.800
  -191.514
   -99.858
  -119.410
  -136.628
  -151.816
  -165.223
  -174.197
  -182.031
  -188.835
  -194.707
  -199.732
  -203.982
  -207.523
  -210.409
  -212.692
  -214.416
  -215.622
  -216.344
  -216.616
  -216.467
  -119.208
  -138.120
  -154.961
  -169.973
  -181.996
  -192.684
  -200.919
  -208.165
  -214.508
  -220.025
  -224.783
  -228.841
  -232.251
  -235.061
  -237.314
  -239.046
  -240.293
  -241.086
  -241.452
  -241.418
  -117.758
  -138.275
  -156.690
  -173.238
  -188.119
  -201.502
  -211.133
  -219.723
  -227.362
  -234.126
  -240.086
  -245.303
  -249.832
  -253.722
  -257.018
  -259.758
  -261.980
  -263.715
  -264.994
  -265.843
  -266.289
  -266.352
  -137.204
  -157.119
  -175.137
  -191.454
  -206.236
  -218.473
  -229.531
  -238.437
  -246.427
  -253.572
  -259.933
  -265.569
  -270.529
  -274.860
  -278.603
  -281.795
  -284.472
  -286.662
  -288.397
  -289.700
  -290.598
  -291.110
  -135.002
  -156.348
  -175.775
  -193.471
  -209.602
  -224.309
  -237.716
  -247.864
  -257.056
  -265.364
  -272.853
  -279.580
  -285.599
  -290.956
  -295.694
  -299.851
  -303.463
  -306.563
  -309.180
  -311.342
  -313.073
  -314.396
  -315.333
  -175.240
  -194.264
  -211.696
  -227.675
  -242.325
  -254.754
  -266.122
  -275.573
  -284.170
  -291.974
  -299.037
  -305.408
  -311.131
  -316.245
  -320.788
  -324.792
  -328.288
  -331.305
  -333.867
  -336.001
  -337.726
  -339.065
  -173.611
  -193.913
  -212.600
  -229.811
  -245.667
  -260.274
  -273.728
  -284.298
  -293.984
  -302.846
  -310.939
  -318.311
  -325.008
  -331.070
  -336.534
  -341.436
  -345.806
  -349.673
  -353.065
  -356.006
  -358.519
  -360.625
  -362.345
  -363.696
  -192.491
  -212.390
  -230.792
  -247.817
  -263.569
  -278.145
  -290.746
  -302.382
  -312.285
  -321.391
  -329.750
  -337.408
  -344.407
  -350.784
  -356.575
  -361.812
  -366.525
  -370.741
  -374.486
  -377.783
  -380.655
  -383.122
  -385.203
  -386.916
  -211.131
  -230.686
  -248.845
  -265.711
  -281.378
  -295.931
  -309.445
  -320.369
  -330.471
  -339.802
  -348.409
  -356.332
  -363.612
  -370.284
  -376.380
  -381.931
  -386.966
  -391.510
  -395.589
  -399.223
  -402.435
  -405.244
  -407.669
  -409.726
  -229.555
  -248.813
  -266.761
  -283.491
  -299.087
  -313.624
  -326.382
  -338.253
  -348.540
  -358.081
  -366.917
  -375.088
  -382.630
  -389.577
  -395.959
  -401.806
  -407.144
  -411.998
  -416.391
  -420.345
  -423.879
  -427.013
  -429.764
  -432.150
  -247.778
  -266.778
  -284.543
  -301.156
  -316.692
  -331.220
  -344.801
  -356.028
  -366.489
  -376.224
  -385.275
  -393.677
  -401.465
  -408.670
  -415.322
  -421.447
  -427.071
  -432.218
  -436.909
  -441.165
  -445.006
  -448.449
  -451.512
  -454.210
  -265.813
  -284.586
  -302.191
  -318.703
  -334.189
  -348.712
  -361.613
  -373.692
  -384.313
  -394.231
  -403.483
  -412.102
  -420.121
  -427.570
  -434.475
  -440.863
  -446.758
  -452.181
  -457.155
  -461.699
  -465.831
  -469.568
  -472.928
  -475.925
  -478.575
  -283.668
  -302.241
  -319.707
  -336.130
  -351.575
  -366.096
  -379.746
  -391.240
  -402.012
  -412.102
  -421.542
  -430.365
  -438.602
  -446.280
  -453.425
  -460.061
  -466.212
  -471.899
  -477.141
  -481.958
  -486.368
  -490.386
  -494.030
  -497.313
  -500.250
  -502.854
  -301.351
  -319.747
  -337.088
  -353.435
  -368.845
  -383.368
  -396.401
  -408.668
  -419.584
  -429.834
  -439.452
  -448.468
  -456.910
  -464.805
  -472.177
  -479.049
  -485.443
  -491.379
  -496.877
  -501.955
  -506.629
  -510.916
  -514.831
  -518.388
  -521.601
  -524.482
  -318.868
  -337.106
  -354.337
  -370.617
  -385.997
  -400.525
  -414.246
  -425.975
  -437.025
  -447.428
  -457.214
  -466.412
  -475.048
  -483.148
  -490.735
  -497.831
  -504.456
  -510.631
  -516.372
  -521.698
  -526.626
  -531.169
  -535.344
  -539.163
  -542.640
  -545.788
  -336.222
  -354.318
  -371.451
  -387.672
  -403.029
  -417.564
  -430.720
  -443.158
  -454.335
  -464.882
  -474.827
  -484.198
  -493.019
  -501.314
  -509.105
  -516.413
  -523.259
  -529.660
  -535.634
  -541.198
  -546.367
  -551.156
  -555.579
  -559.650
  -563.382
  -566.785
  -334.473
  -353.417
  -371.386
  -388.432
  -404.601
  -419.938
  -434.483
  -448.274
  -460.215
  -471.513
  -482.196
  -492.292
  -501.826
  -510.823
  -519.303
  -527.289
  -534.800
  -541.856
  -548.473
  -554.669
  -560.460
  -565.861
  -570.886
  -575.548
  -579.861
  -583.836
  -587.486
  -590.821
  -351.666
  -370.455
  -388.310
  -405.277
  -421.401
  -436.722
  -451.278
  -464.549
  -477.144
  -488.556
  -499.370
  -509.609
  -519.299
  -528.462
  -537.119
  -545.291
  -552.996
  -560.252
  -567.076
  -573.485
  -579.493
  -585.116
  -590.367
  -595.258
  -599.803
  -604.014
  -607.901
  -611.475
  -614.747
  -349.098
  -368.690
  -387.339
  -405.090
  -421.988
  -438.072
  -453.381
  -467.949
  -481.810
  -493.943
  -505.465
  -516.402
  -526.778
  -536.617
  -545.939
  -554.765
  -563.113
  -571.003
  -578.451
  -585.473
  -592.086
  -598.303
  -604.139
  -609.607
  -614.719
  -619.487
  -623.924
  -628.040
  -631.844
  -635.348
  -638.561
  -404.070
  -421.728
  -438.563
  -454.612
  -469.911
  -484.493
  -497.871
  -510.611
  -522.237
  -533.293
  -543.800
  -553.780
  -563.254
  -572.241
  -580.759
  -588.825
  -596.457
  -603.670
  -610.478
  -616.895
  -622.936
  -628.612
  -633.936
  -638.920
  -643.575
  -647.911
  -651.938
  -655.666
  -659.105
  -420.651
  -438.223
  -455.001
  -471.020
  -486.312
  -500.909
  -514.839
  -527.147
  -538.873
  -550.042
  -560.673
  -570.789
  -580.408
  -589.549
  -598.230
  -606.466
  -614.274
  -621.669
  -628.664
  -635.275
  -641.512
  -647.389
  -652.918
  -658.109
  -662.974
  -667.523
  -671.765
  -675.710
  -679.367
  -682.744
  -437.081
  -454.577
  -471.304
  -487.296
  -502.583
  -517.195
  -530.675
  -543.549
  -555.372
  -566.648
  -577.400
  -587.645
  -597.404
  -606.693
  -615.529
  -623.928
  -631.905
  -639.475
  -646.651
  -653.446
  -659.873
  -665.944
  -671.670
  -677.061
  -682.129
  -686.883
  -691.333
  -695.488
  -699.356
  -702.946
  -706.266
  -453.363
  -470.788
  -487.469
  -503.438
  -518.722
  -533.351
  -547.349
  -559.818
  -571.732
  -583.113
  -593.979
  -604.349
  -614.241
  -623.672
  -632.657
  -641.213
  -649.353
  -657.091
  -664.440
  -671.414
  -678.024
  -684.281
  -690.197
  -695.782
  -701.046
  -705.998
  -710.649
  -715.007
  -719.079
  -722.876
  -726.403
  -729.669
  -469.498
  -486.858
  -503.497
  -519.446
  -534.729
  -549.375
  -562.952
  -575.952
  -587.955
  -599.435
  -610.411
  -620.901
  -630.921
  -640.488
  -649.617
  -658.323
  -666.619
  -674.520
  -682.037
  -689.182
  -695.968
  -702.405
  -708.505
  -714.276
  -719.730
  -724.875
  -729.720
  -734.274
  -738.545
  -742.541
  -746.270
  -749.738
  -752.954
  -535.319
  -550.604
  -565.267
  -579.331
  -591.950
  -604.038
  -615.614
  -626.696
  -637.301
  -647.445
  -657.143
  -666.410
  -675.261
  -683.708
  -691.765
  -699.443
  -706.754
  -713.710
  -720.321
  -726.598
  -732.550
  -738.187
  -743.518
  -748.551
  -753.296
  -757.759
  -761.949
  -765.873
  -769.539
  -772.952
  -594.694
  -607.812
  -619.982
  -631.651
  -642.835
  -653.550
  -663.813
  -673.637
  -683.038
  -692.028
  -700.621
  -708.828
  -716.662
  -724.133
  -731.254
  -738.033
  -744.481
  -750.608
  -756.423
  -761.934
  -767.149
  -772.078
  -776.728
  -781.107
  -785.220
  -596.650
  -610.780
  -623.538
  -635.787
  -647.545
  -658.827
  -669.649
  -680.026
  -689.973
  -699.502
  -708.627
  -717.359
  -725.712
  -733.696
  -741.323
  -748.602
  -755.544
  -762.158
  -768.454
  -774.441
  -780.126
  -785.519
  -790.627
  -795.458
  -800.019
  -639.126
  -651.452
  -663.296
  -674.673
  -685.598
  -696.086
  -706.150
  -715.803
  -725.058
  -733.926
  -742.420
  -750.549
  -758.325
  -765.758
  -772.858
  -779.633
  -786.092
  -792.246
  -798.101
  -803.665
  -808.947
  -813.954
  -818.692
  -823.170
  -827.393
  -831.367
  -835.100
  -838.596
  -627.495
  -641.689
  -654.578
  -666.977
  -678.904
  -690.373
  -701.398
  -711.992
  -722.170
  -731.943
  -741.323
  -750.323
  -758.952
  -767.222
  -775.143
  -782.725
  -789.977
  -796.908
  -803.527
  -809.842
  -815.861
  -821.592
  -827.043
  -832.221
  -837.132
  -841.784
  -846.182
  -850.334
  -669.891
  -682.363
  -694.370
  -705.927
  -717.048
  -727.746
  -738.034
  -747.922
  -757.424
  -766.551
  -775.312
  -783.718
  -791.780
  -799.506
  -806.905
  -813.987
  -820.760
  -827.232
  -833.411
  -839.304
  -844.919
  -850.263
  -855.342
  -860.163
  -685.067
  -697.608
  -709.693
  -721.336
  -732.551
  -743.348
  -753.742
  -763.743
  -773.363
  -782.612
  -791.501
  -800.039
  -808.237
  -816.102
  -823.645
  -830.874
  -837.797
  -844.421
  -850.755
  -856.806
  -862.580
  -868.085
  -873.328
  -878.314
  -883.050
  -700.105
  -712.713
  -724.874
  -736.601
  -747.905
  -758.799
  -769.296
  -779.406
  -789.140
  -798.508
  -807.520
  -816.186
  -824.516
  -832.518
  -840.200
  -847.571
  -854.639
  -861.411
  -867.896
  -874.100
  -880.029
  -885.692
  -891.094
  -896.241
  -901.139
  -905.795
  -910.214
  -914.401
  -715.004
  -727.679
  -739.913
  -751.720
  -763.112
  -774.100
  -784.697
  -794.912
  -804.756
  -814.240
  -823.372
  -832.162
  -840.620
  -848.753
  -856.571
  -864.080
  -871.290
  -878.206
  -884.837
  -891.190
  -897.271
  -903.086
  -908.643
  -913.947
  -919.003
  -923.819
  -742.504
  -754.809
  -766.695
  -778.171
  -789.251
  -799.944
  -810.262
  -820.213
  -829.809
  -839.057
  -847.969
  -856.551
  -864.812
  -872.761
  -880.405
  -887.752
  -894.808
  -901.582
  -908.080
  -914.308
  -920.272
  -925.980
  -931.436
  -936.647
  -941.618
  -946.355
  -757.189
  -769.564
  -781.525
  -793.084
  -804.252
  -815.040
  -825.456
  -835.512
  -845.216
  -854.578
  -863.607
  -872.310
  -880.695
  -888.772
  -896.547
  -904.027
  -911.220
  -918.133
  -924.772
  -931.143
  -937.253
  -943.108
  -948.713
  -954.075
  -959.198
  -964.087
  -796.212
  -807.851
  -819.105
  -829.984
  -840.497
  -850.654
  -860.464
  -869.936
  -879.078
  -887.899
  -896.406
  -904.606
  -912.509
  -920.119
  -927.445
  -934.493
  -941.269
  -947.780
  -954.032
  -960.030
  -965.781
  -971.289
  -976.560
  -981.600
  -786.140
  -798.648
  -810.755
  -822.472
  -833.810
  -844.777
  -855.384
  -865.640
  -875.553
  -885.131
  -894.384
  -903.319
  -911.944
  -920.266
  -928.292
  -936.030
  -943.485
  -950.665
  -957.575
  -964.222
  -970.612
  -976.750
  -982.643
  -988.294
  -993.710
  -998.896
 -1003.856
  -773.718
  -787.430
  -800.406
  -812.978
  -825.155
  -836.948
  -848.367
  -859.421
  -870.119
  -880.470
  -890.483
  -900.166
  -909.527
  -918.573
  -927.313
  -935.753
  -943.899
  -951.760
  -959.342
  -966.650
  -973.691
  -980.471
  -986.996
  -993.271
  -999.302
 -1005.093
 -1010.651
 -1015.979
 -1021.083
 -1025.968
 -1030.637
 -1035.096
 -1039.348
 -1043.398
 -1047.250
 -1050.907
 -1054.374
 -1057.654
 -1060.750
 -1063.667
 -1066.408
 -1068.976
 -1071.374
 -1073.606
 -1075.674
 -1077.581
 -1079.331
 -1080.927
 -1082.370
 -1083.664
  -801.500
  -814.533
  -827.167
  -839.412
  -851.279
  -862.777
  -873.915
  -884.702
  -895.146
  -905.257
  -915.041
  -924.507
  -933.662
  -942.513
  -951.068
  -959.332
  -967.314
  -975.018
  -982.452
  -989.621
  -996.530
 -1003.187
 -1009.595
 -1015.761
 -1021.689
 -1027.385
 -1032.853
 -1038.098
 -1043.125
 -1047.937
 -1052.540
 -1056.937
 -1061.133
 -1065.131
 -1068.936
 -1072.551
 -1075.979
 -1079.225
 -1082.292
 -1085.183
 -1087.901
 -1090.450
 -1092.832
 -1095.051
 -1097.110
 -1099.012
 -1100.758
 -1102.353
 -1103.799
 -1105.098
  -801.637
  -815.433
  -828.520
  -841.215
  -853.527
  -865.466
  -877.041
  -888.260
  -899.134
  -909.669
  -919.875
  -929.758
  -939.326
  -948.586
  -957.547
  -966.213
  -974.593
  -982.692
  -990.516
  -998.072
 -1005.365
 -1012.402
 -1019.187
 -1025.725
 -1032.023
 -1038.085
 -1043.916
 -1049.521
 -1054.903
 -1060.069
 -1065.021
 -1069.765
 -1074.305
 -1078.644
 -1082.786
 -1086.735
 -1090.495
 -1094.069
 -1097.461
 -1100.674
 -1103.712
 -1106.578
 -1109.274
 -1111.805
 -1114.172
 -1116.380
 -1118.430
 -1120.325
 -1122.069
 -1123.664
 -1125.112
 -1126.416
  -815.691
  -829.228
  -842.368
  -855.122
  -867.499
  -879.508
  -891.158
  -902.458
  -913.416
  -924.040
  -934.337
  -944.317
  -953.985
  -963.348
  -972.415
  -981.191
  -989.682
  -997.896
 -1005.837
 -1013.513
 -1020.927
 -1028.088
 -1034.998
 -1041.664
 -1048.091
 -1054.284
 -1060.247
 -1065.985
 -1071.502
 -1076.804
 -1081.894
 -1086.776
 -1091.454
 -1095.933
 -1100.216
 -1104.306
 -1108.208
 -1111.926
 -1115.461
 -1118.818
 -1122.000
 -1125.011
 -1127.852
 -1130.528
 -1133.042
 -1135.395
 -1137.591
 -1139.633
 -1141.523
 -1143.264
 -1144.859
 -1146.309
 -1147.618
  -842.885
  -856.077
  -868.889
  -881.329
  -893.407
  -905.130
  -916.508
  -927.548
  -938.258
  -948.646
  -958.719
  -968.485
  -977.949
  -987.119
  -996.002
 -1004.602
 -1012.928
 -1020.984
 -1028.776
 -1036.309
 -1043.590
 -1050.624
 -1057.414
 -1063.968
 -1070.288
 -1076.380
 -1082.249
 -1087.898
 -1093.333
 -1098.557
 -1103.574
 -1108.389
 -1113.005
 -1117.426
 -1121.655
 -1125.697
 -1129.554
 -1133.230
 -1136.728
 -1140.052
 -1143.204
 -1146.189
 -1149.007
 -1151.664
 -1154.160
 -1156.500
 -1158.686
 -1160.720
 -1162.605
 -1164.343
 -1165.938
 -1167.391
 -1168.705
  -869.648
  -882.516
  -895.018
  -907.163
  -918.958
  -930.411
  -941.531
  -952.326
  -962.802
  -972.967
  -982.827
  -992.390
 -1001.661
 -1010.647
 -1019.355
 -1027.789
 -1035.957
 -1043.863
 -1051.513
 -1058.912
 -1066.065
 -1072.978
 -1079.654
 -1086.100
 -1092.318
 -1098.315
 -1104.094
 -1109.659
 -1115.014
 -1120.164
 -1125.112
 -1129.862
 -1134.418
 -1138.784
 -1142.962
 -1146.957
 -1150.771
 -1154.408
 -1157.870
 -1161.162
 -1164.286
 -1167.246
 -1170.042
 -1172.680
 -1175.161
 -1177.488
 -1179.663
 -1181.690
 -1183.570
 -1185.307
 -1186.901
 -1188.357
 -1189.675
  -883.079
  -896.003
  -908.566
  -920.775
  -932.640
  -944.168
  -955.367
  -966.243
  -976.805
  -987.060
  -997.013
 -1006.671
 -1016.041
 -1025.129
 -1033.941
 -1042.482
 -1050.759
 -1058.776
 -1066.540
 -1074.054
 -1081.325
 -1088.356
 -1095.154
 -1101.722
 -1108.064
 -1114.186
 -1120.091
 -1125.784
 -1131.268
 -1136.548
 -1141.627
 -1146.509
 -1151.198
 -1155.696
 -1160.009
 -1164.138
 -1168.088
 -1171.861
 -1175.460
 -1178.889
 -1182.150
 -1185.247
 -1188.182
 -1190.958
 -1193.578
 -1196.043
 -1198.358
 -1200.524
 -1202.544
 -1204.419
 -1206.154
 -1207.749
 -1209.207
 -1210.530
  -896.373
  -909.351
  -921.973
  -934.246
  -946.179
  -957.779
  -969.055
  -980.012
  -990.657
 -1000.999
 -1011.042
 -1020.794
 -1030.261
 -1039.448
 -1048.362
 -1057.008
 -1065.391
 -1073.518
 -1081.392
 -1089.019
 -1096.405
 -1103.553
 -1110.469
 -1117.156
 -1123.620
 -1129.864
 -1135.893
 -1141.711
 -1147.322
 -1152.729
 -1157.936
 -1162.947
 -1167.766
 -1172.396
 -1176.840
 -1181.101
 -1185.184
 -1189.090
 -1192.824
 -1196.387
 -1199.784
 -1203.016
 -1206.086
 -1208.998
 -1211.754
 -1214.357
 -1216.808
 -1219.111
 -1221.268
 -1223.281
 -1225.153
 -1226.885
 -1228.481
 -1229.941
 -1231.269
  -909.528
  -922.559
  -935.239
  -947.575
  -959.574
  -971.246
  -982.596
  -993.631
 -1004.359
 -1014.785
 -1024.918
 -1034.761
 -1044.322
 -1053.607
 -1062.620
 -1071.368
 -1079.855
 -1088.088
 -1096.071
 -1103.809
 -1111.307
 -1118.569
 -1125.601
 -1132.405
 -1138.988
 -1145.352
 -1151.503
 -1157.443
 -1163.177
 -1168.709
 -1174.042
 -1179.180
 -1184.127
 -1188.885
 -1193.458
 -1197.850
 -1202.063
 -1206.100
 -1209.965
 -1213.661
 -1217.190
 -1220.555
 -1223.759
 -1226.805
 -1229.695
 -1232.432
 -1235.018
 -1237.455
 -1239.747
 -1241.895
 -1243.902
 -1245.770
 -1247.500
 -1249.097
 -1250.560
 -1251.893
  -922.546
  -935.629
  -948.365
  -960.762
  -972.827
  -984.567
  -995.990
 -1007.102
 -1017.910
 -1028.420
 -1038.639
 -1048.572
 -1058.225
 -1067.604
 -1076.715
 -1085.563
 -1094.153
 -1102.490
 -1110.579
 -1118.425
 -1126.033
 -1133.407
 -1140.552
 -1147.471
 -1154.170
 -1160.652
 -1166.922
 -1172.982
 -1178.838
 -1184.492
 -1189.949
 -1195.211
 -1200.283
 -1205.167
 -1209.867
 -1214.386
 -1218.727
 -1222.893
 -1226.888
 -1230.713
 -1234.372
 -1237.868
 -1241.204
 -1244.381
 -1247.403
 -1250.271
 -1252.990
 -1255.560
 -1257.985
 -1260.266
 -1262.406
 -1264.407
 -1266.271
 -1268.000
 -1269.597
 -1271.063
 -1272.401
  -985.936
  -997.745
 -1009.239
 -1020.426
 -1031.313
 -1041.904
 -1052.207
 -1062.228
 -1071.972
 -1081.444
 -1090.650
 -1099.595
 -1108.285
 -1116.724
 -1124.917
 -1132.869
 -1140.585
 -1148.068
 -1155.324
 -1162.356
 -1169.169
 -1175.767
 -1182.153
 -1188.331
 -1194.306
 -1200.080
 -1205.658
 -1211.042
 -1216.236
 -1221.244
 -1226.069
 -1230.713
 -1235.180
 -1239.473
 -1243.594
 -1247.547
 -1251.335
 -1254.959
 -1258.423
 -1261.730
 -1264.881
 -1267.880
 -1270.729
 -1273.430
 -1275.985
 -1278.397
 -1280.668
 -1282.800
 -1284.795
 -1286.656
 -1288.384
 -1289.982
 -1291.451
 -1292.793
 -1010.779
 -1022.343
 -1033.604
 -1044.567
 -1055.238
 -1065.624
 -1075.730
 -1085.562
 -1095.125
 -1104.424
 -1113.465
 -1122.253
 -1130.792
 -1139.087
 -1147.143
 -1154.964
 -1162.555
 -1169.919
 -1177.062
 -1183.986
 -1190.697
 -1197.197
 -1203.491
 -1209.583
 -1215.475
 -1221.171
 -1226.675
 -1231.990
 -1237.120
 -1242.066
 -1246.833
 -1251.424
 -1255.841
 -1260.088
 -1264.166
 -1268.079
 -1271.830
 -1275.422
 -1278.855
 -1282.134
 -1285.261
 -1288.238
 -1291.067
 -1293.751
 -1296.292
 -1298.692
 -1300.953
 -1303.078
 -1305.068
 -1306.925
 -1308.653
 -1310.251
 -1311.723
 -1313.070
 -1011.730
 -1023.669
 -1035.302
 -1046.635
 -1057.673
 -1068.422
 -1078.889
 -1089.079
 -1098.998
 -1108.650
 -1118.040
 -1127.175
 -1136.058
 -1144.695
 -1153.090
 -1161.248
 -1169.172
 -1176.868
 -1184.339
 -1191.590
 -1198.624
 -1205.445
 -1212.058
 -1218.465
 -1224.671
 -1230.679
 -1236.492
 -1242.114
 -1247.547
 -1252.796
 -1257.863
 -1262.750
 -1267.463
 -1272.002
 -1276.371
 -1280.573
 -1284.610
 -1288.485
 -1292.201
 -1295.760
 -1299.164
 -1302.417
 -1305.520
 -1308.476
 -1311.286
 -1313.954
 -1316.481
 -1318.870
 -1321.122
 -1323.239
 -1325.224
 -1327.079
 -1328.805
 -1330.405
 -1331.880
 -1333.231
 -1036.418
 -1048.118
 -1059.521
 -1070.632
 -1081.458
 -1092.004
 -1102.276
 -1112.279
 -1122.018
 -1131.499
 -1140.725
 -1149.702
 -1158.435
 -1166.928
 -1175.185
 -1183.211
 -1191.009
 -1198.585
 -1205.942
 -1213.084
 -1220.014
 -1226.737
 -1233.255
 -1239.573
 -1245.695
 -1251.622
 -1257.359
 -1262.909
 -1268.275
 -1273.460
 -1278.466
 -1283.298
 -1287.957
 -1292.447
 -1296.770
 -1300.929
 -1304.927
 -1308.765
 -1312.447
 -1315.975
 -1319.352
 -1322.579
 -1325.659
 -1328.594
 -1331.387
 -1334.039
 -1336.553
 -1338.931
 -1341.174
 -1343.285
 -1345.265
 -1347.117
 -1348.843
 -1350.443
 -1351.921
 -1353.277
 -1060.790
 -1072.261
 -1083.445
 -1094.346
 -1104.970
 -1115.322
 -1125.408
 -1135.233
 -1144.801
 -1154.117
 -1163.186
 -1172.013
 -1180.601
 -1188.956
 -1197.081
 -1204.981
 -1212.659
 -1220.120
 -1227.367
 -1234.404
 -1241.235
 -1247.863
 -1254.292
 -1260.524
 -1266.564
 -1272.414
 -1278.079
 -1283.560
 -1288.860
 -1293.984
 -1298.933
 -1303.710
 -1308.318
 -1312.761
 -1317.039
 -1321.157
 -1325.116
 -1328.920
 -1332.569
 -1336.068
 -1339.417
 -1342.620
 -1345.678
 -1348.594
 -1351.369
 -1354.006
 -1356.508
 -1358.875
 -1361.110
 -1363.214
 -1365.191
 -1367.040
 -1368.765
 -1370.367
 -1371.848
 -1373.208
 -1061.489
 -1073.319
 -1084.858
 -1096.112
 -1107.087
 -1117.787
 -1128.218
 -1138.385
 -1148.293
 -1157.947
 -1167.351
 -1176.510
 -1185.429
 -1194.112
 -1202.562
 -1210.785
 -1218.784
 -1226.563
 -1234.126
 -1241.476
 -1248.618
 -1255.555
 -1262.290
 -1268.827
 -1275.169
 -1281.320
 -1287.281
 -1293.058
 -1298.652
 -1304.066
 -1309.304
 -1314.369
 -1319.262
 -1323.988
 -1328.547
 -1332.944
 -1337.180
 -1341.258
 -1345.180
 -1348.949
 -1352.568
 -1356.037
 -1359.361
 -1362.540
 -1365.577
 -1368.474
 -1371.233
 -1373.856
 -1376.345
 -1378.702
 -1380.930
 -1383.028
 -1385.000
 -1386.848
 -1388.572
 -1390.175
 -1391.659
 -1393.025
 -1085.706
 -1097.311
 -1108.634
 -1119.681
 -1130.456
 -1140.964
 -1151.211
 -1161.201
 -1170.939
 -1180.430
 -1189.677
 -1198.686
 -1207.461
 -1216.005
 -1224.324
 -1232.420
 -1240.297
 -1247.961
 -1255.413
 -1262.658
 -1269.698
 -1276.539
 -1283.182
 -1289.632
 -1295.891
 -1301.962
 -1307.849
 -1313.554
 -1319.081
 -1324.431
 -1329.609
 -1334.617
 -1339.457
 -1344.132
 -1348.644
 -1352.997
 -1357.192
 -1361.231
 -1365.119
 -1368.855
 -1372.443
 -1375.886
 -1379.184
 -1382.340
 -1385.357
 -1388.236
 -1390.979
 -1393.589
 -1396.067
 -1398.414
 -1400.633
 -1402.726
 -1404.695
 -1406.540
 -1408.264
 -1409.869
 -1411.355
 -1412.726
 -1109.621
 -1121.012
 -1132.129
 -1142.977
 -1153.561
 -1163.886
 -1173.956
 -1183.777
 -1193.353
 -1202.687
 -1211.785
 -1220.650
 -1229.286
 -1237.698
 -1245.890
 -1253.865
 -1261.626
 -1269.178
 -1276.524
 -1283.667
 -1290.611
 -1297.359
 -1303.914
 -1310.279
 -1316.458
 -1322.453
 -1328.268
 -1333.905
 -1339.366
 -1344.656
 -1349.776
 -1354.729
 -1359.517
 -1364.144
 -1368.611
 -1372.921
 -1377.076
 -1381.079
 -1384.932
 -1388.637
 -1392.197
 -1395.612
 -1398.887
 -1402.021
 -1405.018
 -1407.880
 -1410.608
 -1413.204
 -1415.671
 -1418.009
 -1420.222
 -1422.309
 -1424.274
 -1426.117
 -1427.841
 -1429.447
 -1430.937
 -1432.312
 -1133.246
 -1144.432
 -1155.352
 -1166.010
 -1176.412
 -1186.561
 -1196.463
 -1206.121
 -1215.541
 -1224.725
 -1233.679
 -1242.406
 -1250.911
 -1259.196
 -1267.266
 -1275.124
 -1282.773
 -1290.218
 -1297.462
 -1304.508
 -1311.358
 -1318.017
 -1324.487
 -1330.772
 -1336.874
 -1342.796
 -1348.541
 -1354.112
 -1359.511
 -1364.741
 -1369.805
 -1374.705
 -1379.444
 -1384.024
 -1388.448
 -1392.717
 -1396.834
 -1400.802
 -1404.622
 -1408.297
 -1411.828
 -1415.218
 -1418.469
 -1421.583
 -1424.561
 -1427.406
 -1430.120
 -1432.703
 -1435.159
 -1437.489
 -1439.694
 -1441.777
 -1443.738
 -1445.580
 -1447.304
 -1448.911
 -1450.404
 -1451.784
 -1133.814
 -1145.337
 -1156.591
 -1167.581
 -1178.312
 -1188.789
 -1199.015
 -1208.997
 -1218.737
 -1228.240
 -1237.510
 -1246.551
 -1255.366
 -1263.961
 -1272.338
 -1280.502
 -1288.454
 -1296.200
 -1303.743
 -1311.085
 -1318.231
 -1325.182
 -1331.943
 -1338.516
 -1344.905
 -1351.112
 -1357.139
 -1362.991
 -1368.669
 -1374.176
 -1379.515
 -1384.689
 -1389.699
 -1394.548
 -1399.239
 -1403.774
 -1408.156
 -1412.385
 -1416.466
 -1420.399
 -1424.188
 -1427.833
 -1431.338
 -1434.703
 -1437.932
 -1441.025
 -1443.986
 -1446.815
 -1449.514
 -1452.086
 -1454.531
 -1456.853
 -1459.051
 -1461.129
 -1463.087
 -1464.928
 -1466.652
 -1468.261
 -1469.757
 -1471.142
 -1157.284
 -1168.605
 -1179.665
 -1190.467
 -1201.018
 -1211.320
 -1221.380
 -1231.200
 -1240.785
 -1250.138
 -1259.265
 -1268.168
 -1276.852
 -1285.319
 -1293.574
 -1301.620
 -1309.461
 -1317.099
 -1324.538
 -1331.782
 -1338.833
 -1345.694
 -1352.368
 -1358.859
 -1365.169
 -1371.301
 -1377.257
 -1383.041
 -1388.654
 -1394.100
 -1399.381
 -1404.500
 -1409.458
 -1414.258
 -1418.903
 -1423.395
 -1427.736
 -1431.927
 -1435.972
 -1439.873
 -1443.630
 -1447.248
 -1450.726
 -1454.068
 -1457.275
 -1460.349
 -1463.292
 -1466.106
 -1468.792
 -1471.352
 -1473.788
 -1476.101
 -1478.294
 -1480.367
 -1482.322
 -1484.161
 -1485.885
 -1487.496
 -1488.996
 -1490.385
 -1157.441
 -1169.090
 -1180.477
 -1191.604
 -1202.477
 -1213.099
 -1223.477
 -1233.613
 -1243.511
 -1253.177
 -1262.613
 -1271.823
 -1280.812
 -1289.583
 -1298.139
 -1306.484
 -1314.622
 -1322.555
 -1330.288
 -1337.822
 -1345.162
 -1352.311
 -1359.271
 -1366.045
 -1372.636
 -1379.047
 -1385.281
 -1391.341
 -1397.228
 -1402.947
 -1408.498
 -1413.885
 -1419.110
 -1424.175
 -1429.083
 -1433.837
 -1438.437
 -1442.887
 -1447.188
 -1451.343
 -1455.354
 -1459.223
 -1462.951
 -1466.541
 -1469.995
 -1473.313
 -1476.500
 -1479.555
 -1482.481
 -1485.280
 -1487.953
 -1490.502
 -1492.928
 -1495.234
 -1497.421
 -1499.490
 -1501.442
 -1503.280
 -1505.005
 -1506.618
 -1508.120
 -1509.514
 -1157.066
 -1169.043
 -1180.755
 -1192.205
 -1203.399
 -1214.341
 -1225.035
 -1235.485
 -1245.696
 -1255.672
 -1265.417
 -1274.933
 -1284.227
 -1293.300
 -1302.156
 -1310.799
 -1319.233
 -1327.461
 -1335.486
 -1343.311
 -1350.939
 -1358.374
 -1365.618
 -1372.675
 -1379.547
 -1386.237
 -1392.749
 -1399.083
 -1405.244
 -1411.234
 -1417.055
 -1422.710
 -1428.201
 -1433.531
 -1438.702
 -1443.717
 -1448.576
 -1453.284
 -1457.841
 -1462.251
 -1466.514
 -1470.634
 -1474.612
 -1478.450
 -1482.150
 -1485.713
 -1489.143
 -1492.439
 -1495.606
 -1498.643
 -1501.553
 -1504.337
 -1506.998
 -1509.536
 -1511.954
 -1514.252
 -1516.433
 -1518.498
 -1520.448
 -1522.285
 -1524.010
 -1525.625
 -1527.131
 -1528.529
 -1203.791
 -1215.051
 -1226.060
 -1236.824
 -1247.347
 -1257.632
 -1267.683
 -1277.505
 -1287.102
 -1296.476
 -1305.631
 -1314.572
 -1323.301
 -1331.822
 -1340.138
 -1348.253
 -1356.169
 -1363.889
 -1371.418
 -1378.756
 -1385.909
 -1392.877
 -1399.665
 -1406.274
 -1412.708
 -1418.969
 -1425.059
 -1430.982
 -1436.739
 -1442.333
 -1447.766
 -1453.041
 -1458.160
 -1463.125
 -1467.938
 -1472.602
 -1477.117
 -1481.488
 -1485.715
 -1489.800
 -1493.746
 -1497.554
 -1501.226
 -1504.765
 -1508.171
 -1511.447
 -1514.593
 -1517.613
 -1520.508
 -1523.278
 -1525.927
 -1528.455
 -1530.864
 -1533.155
 -1535.331
 -1537.392
 -1539.339
 -1541.176
 -1542.901
 -1544.518
 -1546.028
 -1547.430
 -1179.736
 -1191.829
 -1203.661
 -1215.236
 -1226.560
 -1237.636
 -1248.469
 -1259.062
 -1269.419
 -1279.546
 -1289.444
 -1299.118
 -1308.572
 -1317.809
 -1326.833
 -1335.646
 -1344.253
 -1352.656
 -1360.858
 -1368.864
 -1376.675
 -1384.295
 -1391.727
 -1398.973
 -1406.036
 -1412.920
 -1419.626
 -1426.157
 -1432.516
 -1438.706
 -1444.728
 -1450.586
 -1456.281
 -1461.816
 -1467.194
 -1472.415
 -1477.484
 -1482.401
 -1487.169
 -1491.790
 -1496.266
 -1500.599
 -1504.790
 -1508.842
 -1512.757
 -1516.537
 -1520.183
 -1523.696
 -1527.080
 -1530.335
 -1533.463
 -1536.466
 -1539.346
 -1542.103
 -1544.740
 -1547.258
 -1549.659
 -1551.944
 -1554.114
 -1556.172
 -1558.117
 -1559.953
 -1561.679
 -1563.298
 -1564.811
 -1566.218
 -1214.903
 -1226.540
 -1237.927
 -1249.068
 -1259.968
 -1270.631
 -1281.060
 -1291.260
 -1301.233
 -1310.984
 -1320.516
 -1329.833
 -1338.938
 -1347.834
 -1356.525
 -1365.014
 -1373.303
 -1381.397
 -1389.297
 -1397.007
 -1404.531
 -1411.869
 -1419.026
 -1426.003
 -1432.805
 -1439.432
 -1445.888
 -1452.175
 -1458.296
 -1464.253
 -1470.047
 -1475.683
 -1481.161
 -1486.485
 -1491.655
 -1496.675
 -1501.546
 -1506.270
 -1510.850
 -1515.287
 -1519.583
 -1523.741
 -1527.761
 -1531.646
 -1535.398
 -1539.018
 -1542.508
 -1545.870
 -1549.105
 -1552.216
 -1555.203
 -1558.067
 -1560.812
 -1563.438
 -1565.947
 -1568.340
 -1570.618
 -1572.784
 -1574.838
 -1576.781
 -1578.616
 -1580.343
 -1581.964
 -1583.481
 -1584.893
 -1226.007
 -1237.703
 -1249.152
 -1260.358
 -1271.324
 -1282.055
 -1292.555
 -1302.826
 -1312.873
 -1322.700
 -1332.309
 -1341.704
 -1350.889
 -1359.867
 -1368.641
 -1377.214
 -1385.589
 -1393.769
 -1401.757
 -1409.556
 -1417.169
 -1424.598
 -1431.847
 -1438.917
 -1445.812
 -1452.534
 -1459.086
 -1465.469
 -1471.687
 -1477.741
 -1483.634
 -1489.369
 -1494.946
 -1500.370
 -1505.641
 -1510.761
 -1515.734
 -1520.561
 -1525.243
 -1529.783
 -1534.182
 -1538.443
 -1542.568
 -1546.557
 -1550.414
 -1554.139
 -1557.734
 -1561.201
 -1564.542
 -1567.758
 -1570.851
 -1573.822
 -1576.673
 -1579.406
 -1582.021
 -1584.521
 -1586.906
 -1589.178
 -1591.339
 -1593.390
 -1595.332
 -1597.166
 -1598.894
 -1600.518
 -1602.037
 -1603.454
 -1224.966
 -1236.971
 -1248.727
 -1260.237
 -1271.506
 -1282.537
 -1293.335
 -1303.904
 -1314.246
 -1324.366
 -1334.266
 -1343.951
 -1353.424
 -1362.688
 -1371.746
 -1380.601
 -1389.257
 -1397.716
 -1405.981
 -1414.055
 -1421.942
 -1429.644
 -1437.162
 -1444.501
 -1451.663
 -1458.651
 -1465.466
 -1472.111
 -1478.589
 -1484.902
 -1491.052
 -1497.042
 -1502.874
 -1508.550
 -1514.072
 -1519.442
 -1524.663
 -1529.735
 -1534.663
 -1539.446
 -1544.087
 -1548.589
 -1552.952
 -1557.179
 -1561.272
 -1565.231
 -1569.060
 -1572.759
 -1576.330
 -1579.775
 -1583.096
 -1586.293
 -1589.369
 -1592.325
 -1595.163
 -1597.884
 -1600.489
 -1602.979
 -1605.358
 -1607.624
 -1609.781
 -1611.828
 -1613.769
 -1615.603
 -1617.332
 -1618.958
 -1620.481
 -1621.902
 -1247.797
 -1259.610
 -1271.181
 -1282.512
 -1293.607
 -1304.472
 -1315.108
 -1325.520
 -1335.711
 -1345.685
 -1355.444
 -1364.993
 -1374.334
 -1383.471
 -1392.406
 -1401.143
 -1409.685
 -1418.034
 -1426.194
 -1434.167
 -1441.955
 -1449.562
 -1456.990
 -1464.243
 -1471.321
 -1478.227
 -1484.965
 -1491.537
 -1497.944
 -1504.189
 -1510.274
 -1516.202
 -1521.974
 -1527.593
 -1533.062
 -1538.380
 -1543.552
 -1548.578
 -1553.461
 -1558.203
 -1562.805
 -1567.269
 -1571.597
 -1575.791
 -1579.853
 -1583.783
 -1587.585
 -1591.259
 -1594.807
 -1598.231
 -1601.532
 -1604.711
 -1607.771
 -1610.713
 -1613.537
 -1616.246
 -1618.842
 -1621.324
 -1623.695
 -1625.957
 -1628.109
 -1630.154
 -1632.093
 -1633.927
 -1635.657
 -1637.285
 -1638.812
 -1640.238
 -1258.485
 -1270.355
 -1281.985
 -1293.377
 -1304.536
 -1315.465
 -1326.168
 -1336.649
 -1346.910
 -1356.955
 -1366.788
 -1376.412
 -1385.829
 -1395.044
 -1404.058
 -1412.875
 -1421.498
 -1429.930
 -1438.174
 -1446.231
 -1454.105
 -1461.799
 -1469.315
 -1476.656
 -1483.823
 -1490.821
 -1497.650
 -1504.313
 -1510.813
 -1517.151
 -1523.331
 -1529.353
 -1535.221
 -1540.936
 -1546.500
 -1551.916
 -1557.185
 -1562.309
 -1567.290
 -1572.131
 -1576.832
 -1581.396
 -1585.824
 -1590.118
 -1594.280
 -1598.312
 -1602.214
 -1605.990
 -1609.640
 -1613.165
 -1616.568
 -1619.850
 -1623.013
 -1626.057
 -1628.984
 -1631.797
 -1634.495
 -1637.080
 -1639.555
 -1641.919
 -1644.175
 -1646.324
 -1648.366
 -1650.304
 -1652.138
 -1653.869
 -1655.500
 -1657.030
 -1658.461
 -1292.649
 -1304.102
 -1315.323
 -1326.316
 -1337.085
 -1347.633
 -1357.963
 -1368.079
 -1377.984
 -1387.681
 -1397.174
 -1406.465
 -1415.557
 -1424.453
 -1433.156
 -1441.670
 -1449.995
 -1458.136
 -1466.095
 -1473.875
 -1481.477
 -1488.905
 -1496.161
 -1503.247
 -1510.166
 -1516.920
 -1523.511
 -1529.941
 -1536.213
 -1542.329
 -1548.291
 -1554.100
 -1559.760
 -1565.271
 -1570.636
 -1575.857
 -1580.935
 -1585.873
 -1590.672
 -1595.334
 -1599.861
 -1604.254
 -1608.516
 -1612.647
 -1616.649
 -1620.525
 -1624.275
 -1627.901
 -1631.405
 -1634.788
 -1638.052
 -1641.198
 -1644.227
 -1647.141
 -1649.941
 -1652.629
 -1655.205
 -1657.672
 -1660.030
 -1662.281
 -1664.426
 -1666.466
 -1668.402
 -1670.236
 -1671.969
 -1673.602
 -1675.135
 -1676.571
 -1303.175
 -1314.687
 -1325.969
 -1337.025
 -1347.859
 -1358.473
 -1368.871
 -1379.057
 -1389.033
 -1398.803
 -1408.369
 -1417.735
 -1426.904
 -1435.878
 -1444.660
 -1453.253
 -1461.660
 -1469.883
 -1477.926
 -1485.789
 -1493.477
 -1500.991
 -1508.334
 -1515.507
 -1522.515
 -1529.358
 -1536.039
 -1542.560
 -1548.924
 -1555.132
 -1561.186
 -1567.089
 -1572.842
 -1578.448
 -1583.907
 -1589.224
 -1594.398
 -1599.432
 -1604.327
 -1609.086
 -1613.711
 -1618.201
 -1622.561
 -1626.790
 -1630.891
 -1634.866
 -1638.715
 -1642.441
 -1646.045
 -1649.528
 -1652.891
 -1656.137
 -1659.267
 -1662.281
 -1665.182
 -1667.971
 -1670.648
 -1673.216
 -1675.675
 -1678.027
 -1680.273
 -1682.415
 -1684.453
 -1686.388
 -1688.222
 -1689.956
 -1691.592
 -1693.129
 -1694.569
 -1325.133
 -1336.475
 -1347.593
 -1358.490
 -1369.170
 -1379.635
 -1389.889
 -1399.935
 -1409.776
 -1419.416
 -1428.856
 -1438.100
 -1447.150
 -1456.010
 -1464.682
 -1473.169
 -1481.474
 -1489.598
 -1497.544
 -1505.316
 -1512.915
 -1520.343
 -1527.604
 -1534.698
 -1541.630
 -1548.399
 -1555.010
 -1561.464
 -1567.762
 -1573.908
 -1579.903
 -1585.748
 -1591.447
 -1597.000
 -1602.411
 -1607.679
 -1612.808
 -1617.799
 -1622.654
 -1627.374
 -1631.962
 -1636.418
 -1640.744
 -1644.943
 -1649.015
 -1652.962
 -1656.786
 -1660.488
 -1664.070
 -1667.532
 -1670.877
 -1674.106
 -1677.220
 -1680.220
 -1683.108
 -1685.886
 -1688.553
 -1691.113
 -1693.565
 -1695.911
 -1698.153
 -1700.291
 -1702.327
 -1704.262
 -1706.096
 -1707.832
 -1709.469
 -1711.010
 -1712.455
 -1358.020
 -1368.980
 -1379.724
 -1390.255
 -1400.577
 -1410.692
 -1420.603
 -1430.314
 -1439.827
 -1449.145
 -1458.271
 -1467.208
 -1475.958
 -1484.523
 -1492.908
 -1501.113
 -1509.141
 -1516.995
 -1524.678
 -1532.191
 -1539.536
 -1546.717
 -1553.735
 -1560.593
 -1567.292
 -1573.834
 -1580.222
 -1586.458
 -1592.543
 -1598.480
 -1604.271
 -1609.917
 -1615.419
 -1620.781
 -1626.004
 -1631.089
 -1636.038
 -1640.853
 -1645.536
 -1650.088
 -1654.510
 -1658.805
 -1662.974
 -1667.018
 -1670.939
 -1674.738
 -1678.417
 -1681.977
 -1685.420
 -1688.747
 -1691.959
 -1695.058
 -1698.045
 -1700.921
 -1703.687
 -1706.345
 -1708.896
 -1711.342
 -1713.683
 -1715.920
 -1718.055
 -1720.089
 -1722.023
 -1723.858
 -1725.595
 -1727.235
 -1728.780
 -1730.229
 -1368.308
 -1379.329
 -1390.137
 -1400.733
 -1411.121
 -1421.303
 -1431.284
 -1441.066
 -1450.651
 -1460.042
 -1469.242
 -1478.254
 -1487.081
 -1495.724
 -1504.187
 -1512.471
 -1520.580
 -1528.516
 -1536.281
 -1543.877
 -1551.307
 -1558.573
 -1565.676
 -1572.620
 -1579.406
 -1586.036
 -1592.512
 -1598.837
 -1605.012
 -1611.039
 -1616.920
 -1622.657
 -1628.251
 -1633.705
 -1639.021
 -1644.198
 -1649.241
 -1654.150
 -1658.927
 -1663.573
 -1668.090
 -1672.480
 -1676.744
 -1680.884
 -1684.900
 -1688.796
 -1692.571
 -1696.228
 -1699.768
 -1703.191
 -1706.501
 -1709.697
 -1712.781
 -1715.754
 -1718.619
 -1721.375
 -1724.024
 -1726.567
 -1729.006
 -1731.342
 -1733.575
 -1735.707
 -1737.739
 -1739.672
 -1741.508
 -1743.246
 -1744.889
 -1746.438
 -1747.892
 -1378.456
 -1389.538
 -1400.408
 -1411.068
 -1421.521
 -1431.771
 -1441.820
 -1451.671
 -1461.326
 -1470.790
 -1480.063
 -1489.150
 -1498.052
 -1506.771
 -1515.312
 -1523.675
 -1531.863
 -1539.880
 -1547.726
 -1555.404
 -1562.917
 -1570.266
 -1577.454
 -1584.483
 -1591.354
 -1598.071
 -1604.635
 -1611.047
 -1617.310
 -1623.426
 -1629.397
 -1635.224
 -1640.908
 -1646.453
 -1651.860
 -1657.129
 -1662.264
 -1667.266
 -1672.135
 -1676.875
 -1681.485
 -1685.969
 -1690.327
 -1694.561
 -1698.673
 -1702.663
 -1706.534
 -1710.286
 -1713.921
 -1717.441
 -1720.846
 -1724.139
 -1727.319
 -1730.389
 -1733.350
 -1736.203
 -1738.948
 -1741.589
 -1744.125
 -1746.557
 -1748.888
 -1751.117
 -1753.247
 -1755.277
 -1757.210
 -1759.046
 -1760.787
 -1762.432
 -1763.984
 -1765.443
 -1399.607
 -1410.538
 -1421.261
 -1431.779
 -1442.094
 -1452.210
 -1462.130
 -1471.856
 -1481.390
 -1490.735
 -1499.895
 -1508.871
 -1517.667
 -1526.284
 -1534.724
 -1542.991
 -1551.086
 -1559.013
 -1566.772
 -1574.366
 -1581.798
 -1589.069
 -1596.182
 -1603.139
 -1609.941
 -1616.590
 -1623.089
 -1629.440
 -1635.643
 -1641.702
 -1647.617
 -1653.391
 -1659.026
 -1664.523
 -1669.883
 -1675.109
 -1680.201
 -1685.163
 -1689.994
 -1694.698
 -1699.274
 -1703.725
 -1708.053
 -1712.258
 -1716.342
 -1720.307
 -1724.154
 -1727.883
 -1731.498
 -1734.998
 -1738.385
 -1741.661
 -1744.826
 -1747.883
 -1750.831
 -1753.673
 -1756.409
 -1759.041
 -1761.570
 -1763.996
 -1766.322
 -1768.548
 -1770.675
 -1772.704
 -1774.636
 -1776.473
 -1778.215
 -1779.864
 -1781.419
 -1782.883
 -1441.895
 -1452.275
 -1462.457
 -1472.444
 -1482.239
 -1491.843
 -1501.260
 -1510.492
 -1519.541
 -1528.411
 -1537.103
 -1545.620
 -1553.964
 -1562.138
 -1570.143
 -1577.982
 -1585.657
 -1593.170
 -1600.524
 -1607.720
 -1614.760
 -1621.646
 -1628.380
 -1634.965
 -1641.401
 -1647.691
 -1653.837
 -1659.840
 -1665.702
 -1671.426
 -1677.011
 -1682.461
 -1687.776
 -1692.959
 -1698.011
 -1702.934
 -1707.729
 -1712.397
 -1716.940
 -1721.360
 -1725.657
 -1729.834
 -1733.892
 -1737.832
 -1741.655
 -1745.363
 -1748.957
 -1752.439
 -1755.809
 -1759.069
 -1762.219
 -1765.262
 -1768.199
 -1771.030
 -1773.757
 -1776.381
 -1778.903
 -1781.323
 -1783.644
 -1785.867
 -1787.991
 -1790.019
 -1791.951
 -1793.789
 -1795.533
 -1797.184
 -1798.744
 -1800.212
 -1462.313
 -1472.561
 -1482.615
 -1492.477
 -1502.150
 -1511.637
 -1520.940
 -1530.062
 -1539.005
 -1547.771
 -1556.364
 -1564.784
 -1573.035
 -1581.118
 -1589.036
 -1596.790
 -1604.384
 -1611.818
 -1619.096
 -1626.218
 -1633.188
 -1640.006
 -1646.674
 -1653.196
 -1659.571
 -1665.803
 -1671.893
 -1677.842
 -1683.653
 -1689.326
 -1694.864
 -1700.269
 -1705.541
 -1710.683
 -1715.695
 -1720.580
 -1725.339
 -1729.973
 -1734.484
 -1738.873
 -1743.141
 -1747.291
 -1751.323
 -1755.239
 -1759.039
 -1762.726
 -1766.301
 -1769.764
 -1773.117
 -1776.361
 -1779.498
 -1782.528
 -1785.453
 -1788.274
 -1790.992
 -1793.608
 -1796.123
 -1798.539
 -1800.855
 -1803.074
 -1805.197
 -1807.223
 -1809.155
 -1810.994
 -1812.740
 -1814.394
 -1815.957
 -1817.430
 -1482.522
 -1492.641
 -1502.570
 -1512.311
 -1521.867
 -1531.241
 -1540.434
 -1549.449
 -1558.289
 -1566.956
 -1575.451
 -1583.778
 -1591.938
 -1599.933
 -1607.766
 -1615.439
 -1622.954
 -1630.312
 -1637.516
 -1644.567
 -1651.468
 -1658.220
 -1664.825
 -1671.285
 -1677.602
 -1683.777
 -1689.812
 -1695.709
 -1701.470
 -1707.095
 -1712.587
 -1717.947
 -1723.177
 -1728.279
 -1733.253
 -1738.101
 -1742.825
 -1747.426
 -1751.905
 -1756.265
 -1760.505
 -1764.629
 -1768.636
 -1772.528
 -1776.307
 -1779.973
 -1783.528
 -1786.974
 -1790.310
 -1793.540
 -1796.663
 -1799.681
 -1802.595
 -1805.406
 -1808.115
 -1810.723
 -1813.232
 -1815.642
 -1817.954
 -1820.170
 -1822.291
 -1824.316
 -1826.249
 -1828.088
 -1829.836
 -1831.493
 -1833.060
 -1834.538
 -1492.341
 -1502.525
 -1512.520
 -1522.328
 -1531.953
 -1541.395
 -1550.659
 -1559.745
 -1568.657
 -1577.397
 -1585.967
 -1594.368
 -1602.604
 -1610.677
 -1618.587
 -1626.338
 -1633.932
 -1641.369
 -1648.653
 -1655.786
 -1662.768
 -1669.602
 -1676.290
 -1682.834
 -1689.234
 -1695.494
 -1701.614
 -1707.596
 -1713.442
 -1719.154
 -1724.733
 -1730.180
 -1735.497
 -1740.687
 -1745.749
 -1750.685
 -1755.498
 -1760.188
 -1764.757
 -1769.206
 -1773.536
 -1777.750
 -1781.847
 -1785.830
 -1789.700
 -1793.457
 -1797.103
 -1800.640
 -1804.068
 -1807.390
 -1810.604
 -1813.714
 -1816.720
 -1819.623
 -1822.425
 -1825.125
 -1827.726
 -1830.229
 -1832.634
 -1834.943
 -1837.155
 -1839.274
 -1841.299
 -1843.231
 -1845.071
 -1846.821
 -1848.481
 -1850.052
 -1851.535
 -1541.892
 -1551.403
 -1560.736
 -1569.893
 -1578.877
 -1587.688
 -1596.331
 -1604.807
 -1613.118
 -1621.266
 -1629.253
 -1637.081
 -1644.752
 -1652.269
 -1659.632
 -1666.844
 -1673.907
 -1680.823
 -1687.592
 -1694.218
 -1700.701
 -1707.044
 -1713.248
 -1719.315
 -1725.246
 -1731.043
 -1736.707
 -1742.240
 -1747.644
 -1752.920
 -1758.069
 -1763.093
 -1767.994
 -1772.772
 -1777.429
 -1781.967
 -1786.386
 -1790.688
 -1794.875
 -1798.948
 -1802.907
 -1806.755
 -1810.491
 -1814.118
 -1817.637
 -1821.049
 -1824.354
 -1827.555
 -1830.652
 -1833.646
 -1836.539
 -1839.331
 -1842.024
 -1844.618
 -1847.115
 -1849.515
 -1851.820
 -1854.030
 -1856.146
 -1858.171
 -1860.103
 -1861.945
 -1863.696
 -1865.359
 -1866.934
 -1868.422
 -1561.266
 -1570.668
 -1579.894
 -1588.948
 -1597.831
 -1606.546
 -1615.095
 -1623.479
 -1631.702
 -1639.764
 -1647.669
 -1655.417
 -1663.011
 -1670.453
 -1677.744
 -1684.886
 -1691.882
 -1698.732
 -1705.439
 -1712.005
 -1718.430
 -1724.716
 -1730.866
 -1736.881
 -1742.762
 -1748.511
 -1754.129
 -1759.619
 -1764.980
 -1770.216
 -1775.326
 -1780.313
 -1785.179
 -1789.923
 -1794.548
 -1799.056
 -1803.446
 -1807.721
 -1811.883
 -1815.931
 -1819.867
 -1823.693
 -1827.409
 -1831.018
 -1834.519
 -1837.915
 -1841.206
 -1844.393
 -1847.477
 -1850.460
 -1853.343
 -1856.126
 -1858.811
 -1861.398
 -1863.889
 -1866.285
 -1868.586
 -1870.794
 -1872.909
 -1874.932
 -1876.865
 -1878.708
 -1880.462
 -1882.127
 -1883.706
 -1885.199
 -1570.985
 -1580.453
 -1589.749
 -1598.872
 -1607.825
 -1616.611
 -1625.232
 -1633.690
 -1641.986
 -1650.123
 -1658.103
 -1665.927
 -1673.598
 -1681.117
 -1688.486
 -1695.707
 -1702.782
 -1709.712
 -1716.499
 -1723.145
 -1729.651
 -1736.020
 -1742.252
 -1748.350
 -1754.314
 -1760.146
 -1765.849
 -1771.422
 -1776.869
 -1782.189
 -1787.385
 -1792.458
 -1797.409
 -1802.240
 -1806.952
 -1811.547
 -1816.024
 -1820.387
 -1824.636
 -1828.772
 -1832.796
 -1836.710
 -1840.515
 -1844.212
 -1847.802
 -1851.287
 -1854.667
 -1857.943
 -1861.117
 -1864.190
 -1867.162
 -1870.035
 -1872.809
 -1875.486
 -1878.067
 -1880.553
 -1882.944
 -1885.242
 -1887.447
 -1889.561
 -1891.583
 -1893.517
 -1895.361
 -1897.117
 -1898.786
 -1900.369
 -1901.866
 -1599.457
 -1608.649
 -1617.672
 -1626.529
 -1635.221
 -1643.750
 -1652.119
 -1660.330
 -1668.384
 -1676.283
 -1684.029
 -1691.625
 -1699.071
 -1706.369
 -1713.522
 -1720.531
 -1727.398
 -1734.124
 -1740.710
 -1747.160
 -1753.473
 -1759.652
 -1765.699
 -1771.614
 -1777.400
 -1783.056
 -1788.587
 -1793.991
 -1799.272
 -1804.430
 -1809.466
 -1814.382
 -1819.180
 -1823.860
 -1828.424
 -1832.873
 -1837.209
 -1841.432
 -1845.543
 -1849.545
 -1853.437
 -1857.222
 -1860.900
 -1864.473
 -1867.941
 -1871.305
 -1874.568
 -1877.729
 -1880.790
 -1883.751
 -1886.615
 -1889.381
 -1892.051
 -1894.626
 -1897.106
 -1899.493
 -1901.787
 -1903.990
 -1906.103
 -1908.125
 -1910.059
 -1911.904
 -1913.663
 -1915.335
 -1916.921
 -1918.423
 -1627.372
 -1636.298
 -1645.061
 -1653.661
 -1662.102
 -1670.385
 -1678.513
 -1686.486
 -1694.307
 -1701.978
 -1709.500
 -1716.875
 -1724.105
 -1731.192
 -1738.137
 -1744.942
 -1751.608
 -1758.137
 -1764.531
 -1770.791
 -1776.919
 -1782.916
 -1788.783
 -1794.522
 -1800.135
 -1805.623
 -1810.987
 -1816.229
 -1821.349
 -1826.350
 -1831.233
 -1835.998
 -1840.647
 -1845.182
 -1849.603
 -1853.912
 -1858.110
 -1862.198
 -1866.177
 -1870.049
 -1873.814
 -1877.473
 -1881.029
 -1884.481
 -1887.831
 -1891.079
 -1894.228
 -1897.278
 -1900.229
 -1903.083
 -1905.841
 -1908.505
 -1911.073
 -1913.549
 -1915.931
 -1918.223
 -1920.424
 -1922.535
 -1924.557
 -1926.491
 -1928.338
 -1930.099
 -1931.774
 -1933.365
 -1934.871
 -1645.921
 -1654.753
 -1663.424
 -1671.936
 -1680.290
 -1688.490
 -1696.536
 -1704.432
 -1712.177
 -1719.774
 -1727.225
 -1734.531
 -1741.695
 -1748.717
 -1755.600
 -1762.344
 -1768.953
 -1775.426
 -1781.766
 -1787.974
 -1794.052
 -1800.000
 -1805.821
 -1811.516
 -1817.086
 -1822.533
 -1827.857
 -1833.061
 -1838.146
 -1843.112
 -1847.961
 -1852.695
 -1857.314
 -1861.820
 -1866.214
 -1870.497
 -1874.671
 -1878.736
 -1882.693
 -1886.545
 -1890.291
 -1893.932
 -1897.471
 -1900.907
 -1904.243
 -1907.479
 -1910.615
 -1913.654
 -1916.595
 -1919.441
 -1922.191
 -1924.847
 -1927.410
 -1929.881
 -1932.260
 -1934.548
 -1936.747
 -1938.857
 -1940.879
 -1942.814
 -1944.663
 -1946.426
 -1948.104
 -1949.699
 -1951.210
 -1681.620
 -1690.046
 -1698.317
 -1706.436
 -1714.404
 -1722.222
 -1729.894
 -1737.420
 -1744.801
 -1752.041
 -1759.140
 -1766.100
 -1772.922
 -1779.608
 -1786.160
 -1792.579
 -1798.866
 -1805.023
 -1811.052
 -1816.954
 -1822.730
 -1828.381
 -1833.910
 -1839.316
 -1844.603
 -1849.770
 -1854.819
 -1859.751
 -1864.569
 -1869.271
 -1873.861
 -1878.340
 -1882.707
 -1886.966
 -1891.115
 -1895.158
 -1899.094
 -1902.925
 -1906.653
 -1910.277
 -1913.800
 -1917.221
 -1920.543
 -1923.766
 -1926.891
 -1929.919
 -1932.851
 -1935.688
 -1938.430
 -1941.080
 -1943.637
 -1946.103
 -1948.479
 -1950.765
 -1952.962
 -1955.071
 -1957.092
 -1959.028
 -1960.878
 -1962.644
 -1964.325
 -1965.924
 -1967.440
 -1699.653
 -1707.995
 -1716.185
 -1724.224
 -1732.116
 -1739.861
 -1747.460
 -1754.917
 -1762.231
 -1769.406
 -1776.442
 -1783.340
 -1790.104
 -1796.733
 -1803.230
 -1809.596
 -1815.832
 -1821.941
 -1827.922
 -1833.778
 -1839.510
 -1845.119
 -1850.607
 -1855.974
 -1861.223
 -1866.354
 -1871.369
 -1876.269
 -1881.055
 -1885.728
 -1890.290
 -1894.741
 -1899.083
 -1903.317
 -1907.443
 -1911.464
 -1915.380
 -1919.192
 -1922.901
 -1926.509
 -1930.015
 -1933.422
 -1936.730
 -1939.941
 -1943.054
 -1946.072
 -1948.995
 -1951.824
 -1954.559
 -1957.203
 -1959.755
 -1962.216
 -1964.588
 -1966.871
 -1969.066
 -1971.175
 -1973.197
 -1975.133
 -1976.985
 -1978.753
 -1980.438
 -1982.040
 -1983.561
