           1           0           1   0.0000000000000000     
           0           1           1   0.0000000000000000     
           1           1           2   1112.2829999999999     
           2           1           3   2827.2660000000001     
           1           2           3   2572.6810000000000     
           0           3           3  -2267.0000000000000     
           3           1           4   1720.4500000000000     
           2           2           4   7073.9150000000000     
           1           3           4   1153.7610000000000     
           4           1           5   1336.3599999999999     
           3           2           5   5512.1319999999996     
           2           3           5   5266.1319999999996     
           1           4           5   18.000000000000000     
           5           1           6   961.63999999999999     
           4           2           6   4878.5190000000002     
           3           3           6   5332.3310000000001     
           2           4           6   4487.2470000000003     
           1           5           6  -467.00000000000000     
           6           1           7   940.00000000000000     
           5           2           7   4123.0569999999998     
           4           3           7   5606.4390000000003     
           3           4           7   5371.5479999999998     
           2           5           7   3558.7049999999999     
           6           2           8   3924.5200000000000     
           5           3           8   5159.7120000000004     
           4           4           8   7062.4350000000004     
           3           5           8   4717.1530000000002     
           2           6           8   3101.5239999999999     
           7           2           9   3349.0290000000000     
           6           3           9   5037.7680000000000     
           5           4           9   6462.6679999999997     
           4           5           9   6257.0699999999997     
           3           6           9   4337.4229999999998     
           8           2          10   2997.6160000000000     
           7           3          10   4531.3509999999997     
           6           4          10   6497.6300000000001     
           5           5          10   6475.0749999999998     
           4           6          10   6032.0339999999997     
           3           7          10   3643.6640000000002     
           8           3          11   4155.3810000000003     
           7           4          11   5952.5400000000000     
           6           5          11   6927.7160000000003     
           5           6          11   6676.3739999999998     
           4           7          11   5364.0379999999996     
           9           3          12   3799.0999999999999     
           8           4          12   5720.7219999999998     
           7           5          12   6631.2209999999995     
           6           6          12   7680.1440000000002     
           5           7          12   6170.1090000000004     
           4           8          12   4890.1949999999997     
          10           3          13   3403.0149999999999     
           9           4          13   5241.4350000000004     
           8           5          13   6496.4059999999999     
           7           6          13   7469.8490000000002     
           6           7          13   7238.8630000000003     
           5           8          13   5811.7619999999997     
          10           4          14   4993.8969999999999     
           9           5          14   6101.6440000000002     
           8           6          14   7520.3190000000004     
           7           7          14   7475.6139999999996     
           6           8          14   7052.3010000000004     
           5           9          14   5285.2079999999996     
          11           4          15   4545.0000000000000     
          10           5          15   5880.0020000000004     
           9           6          15   7100.1689999999999     
           8           7          15   7699.4600000000000     
           7           8          15   7463.6920000000000     
           6           9          15   6481.4549999999999     
          12           4          16   4285.2849999999999     
          11           5          16   5507.3170000000000     
          10           6          16   6922.0540000000001     
           9           7          16   7373.7960000000003     
           8           8          16   7976.2060000000001     
           7           9          16   6963.7309999999998     
           6          10          16   6083.2160000000003     
          12           5          17   5266.4610000000002     
          11           6          17   6558.0900000000001     
          10           7          17   7286.2290000000003     
           9           8          17   7750.7280000000001     
           8           9          17   7542.3280000000004     
           7          10          17   6640.4989999999998     
          13           5          18   4973.6019999999999     
          12           6          18   6426.1949999999997     
          11           7          18   7038.5619999999999     
          10           8          18   7767.0969999999998     
           9           9          18   7631.6379999999999     
           8          10          18   7341.2569999999996     
           7          11          18   6202.2759999999998     
          14           5          19   4772.0000000000000     
          13           6          19   6118.3329999999996     
          12           7          19   6948.5829999999996     
          11           8          19   7566.4939999999997     
          10           9          19   7779.0180000000000     
           9          10          19   7567.3419999999996     
           8          11          19   6937.8850000000002     
           7          12          19   5902.0249999999996     
          15           5          20   4519.0000000000000     
          14           6          20   5958.7330000000002     
          13           7          20   6709.2399999999998     
          12           8          20   7568.5699999999997     
          11           9          20   7720.1340000000000     
          10          10          20   8032.2399999999998     
           9          11          20   7298.4960000000001     
           8          12          20   6723.9759999999997     
          16           5          21   4279.0000000000000     
          15           6          21   5674.0000000000000     
          14           7          21   6608.0990000000002     
          13           8          21   7389.3800000000001     
          12           9          21   7738.2929999999997     
          11          10          21   7971.7129999999997     
          10          11          21   7765.5469999999996     
           9          12          21   7104.5709999999999     
          16           6          22   5422.0299999999997     
          15           7          22   6366.0850000000000     
          14           8          22   7364.8580000000002     
          13           9          22   7624.2950000000001     
          12          10          22   8080.4650000000001     
          11          11          22   7915.6670000000004     
          10          12          22   7662.7619999999997     
          17           6          23   5077.0000000000000     
          16           7          23   6167.0000000000000     
          15           8          23   7163.5159999999996     
          14           9          23   7621.1360000000004     
          13          10          23   7955.2550000000001     
          12          11          23   8111.4930000000004     
          11          12          23   7901.1040000000003     
          17           7          24   5887.0000000000000     
          16           8          24   7039.6850000000004     
          15           9          24   7462.9570000000003     
          14          10          24   7993.3239999999996     
          13          11          24   8063.4899999999998     
          12          12          24   8260.7090000000007     
          18           7          25   5613.0000000000000     
          17           8          25   6727.0569999999998     
          16           9          25   7335.1319999999996     
          15          10          25   7840.7709999999997     
          14          11          25   8101.3969999999999     
          13          12          25   8223.5020000000004     
          18           8          26   6494.7089999999998     
          17           9          26   7082.6180000000004     
          16          10          26   7751.9740000000002     
          15          11          26   8004.2010000000000     
          14          12          26   8333.8700000000008     
          19           8          27   6193.0000000000000     
          18           9          27   6898.3260000000000     
          17          10          27   7520.9730000000000     
          16          11          27   7956.9420000000000     
          15          12          27   8263.8529999999992     
          20           8          28   5988.0000000000000     
          19           9          28   6644.1000000000004     
          18          10          28   7388.6369999999997     
          17          11          28   7799.2640000000001     
          16          12          28   8272.4089999999997     
          20           9          29   6462.0000000000000     
          19          10          29   7167.0670000000000     
          18          11          29   7682.1520000000000     
          17          12          29   8113.2020000000002     
          21           9          30   6233.0000000000000     
          20          10          30   7042.5490000000000     
          19          11          30   7501.9679999999998     
          18          12          30   8054.5029999999997     
          22           9          31   6050.0000000000000     
          21          10          31   6824.7430000000004     
          20          11          31   7398.1959999999999     
          19          12          31   7869.1940000000004     
          22          10          32   6671.0000000000000     
          21          11          32   7214.5839999999998     
          20          12          32   7803.8370000000004     
          23          10          33   6440.0000000000000     
          22          11          33   7084.0000000000000     
          21          12          33   7636.4579999999996     
          24          10          34   6287.0000000000000     
          23          11          34   6898.0000000000000     
          22          12          34   7550.3900000000003     
          24          11          35   6744.0000000000000     
          23          12          35   7356.2330000000002     
          25          11          36   6557.0000000000000     
          24          12          36   7244.4189999999999     
          26          11          37   6402.0000000000000     
          25          12          37   7053.0000000000000     
          26          12          38   6928.0000000000000     
          27          12          39   6747.0000000000000     
          28          12          40   6621.0000000000000
